                 电话号码
电信卡读取：
00000210020207 02C6660C810D80 06014C 08 21 0003 200000 01 06 102468B1A280 0306 180330011241 0801000901000A0100 0D0100

坤明工具内容：
00000210020407 02C6660CA90DA8 06014C 08 15 0003 200000 01 06 102468B1A280 0306 180330090909

发送后读取内容：
00000210020207 02C6660C810D80 06014C 08 15 0003 1000E0 01 06 102468B1A280 0306 180330091049

我的编码内容：
00000210020207 02C6660C810D80 06014C 08 15 0003 200000 01 06 102468B1A280 0306 180330090937


二：

坤明工具内容：
00000210020407 02C4D529A8D844 06014C 08 15 0003 200000 01 06 102D1AF16954  0306 180330104458

我的编码内容：
00000210020207 02C4D50180D844 06014C 08 16 0003 200000 01 07 102D1AF1695400 0306 180330104608
--------------电话号码
坤明：
02C6660CA90DA8
00 0000 1011 0001 1001 1001 1000 0011 0010 1010 0100 0011 0110 1010 00
                1   9   9    8     3    2    9   4     3    6    9
我：
02C6660C810D80
00 0000 1011 0001 1001 1001 1000 0011 0010 0000 0100 0011 0110 0000 00
                1   9   9    8     3    2    0    4    3    6    0   
网页协议举例：
02c6049064c4d4			   
00 0000 1011 0001 1000 0001 0010 0100 0001 1001 0011 0001 0011 0101 00
                1   8   1     2    4    1    9    3    1    3    5

--------------短信内容 ()

102468B1A280
00010 00000100 1000110 1000101 1000110 1000101 0000000
00010 00000100 1000110 1000101 1000110 1000101 0000000              不应该直接加000000（7个0)
          4       F      E        F      E
00010 00000100 1000110 1000101 1000110 1000101 000
00010 00000100 1000110 1000101 1000110 1000101 0000000




102e8cbb366f
00010 00000101 1101000 1100101 1101100 1101100 1101111               二进制长度48/4= 12
           5      h         e      l         l      0
		   
		   
		   
102D1AF16954
00010 00000101 1010001 1010111 1000101 1010010 1010100


102D1AF1695400
00010 00000101 1010001 1010111 1000101 1010010 10101000 0000000



坤明：TTTTTT
10354A952A54A8
00010 00000110 1010100 1010100 1010100 1010100 1010100 1010100 0
Me:TTTTTT
10354A952A54A800
10354A952A54A800
00010 00000110 1010100 1010100 1010100 1010100 1010100 1010100 0 00000000

坤明：FEFEFE
103468B1A2C68A
00010 00000110 1000110 1000101 1000110 1000101 1000110 1000101 0

00010 00000110 1000110 1000101 1000110 1000101 1000110 1000101 0

Me：FEFEFE
103468B1A2C68A00
00010 00000110 1000110 1000101 1000110 1000101 1000110 1000101 0 000000   补了6个0



